start=2.747542
volume=110.000000
sub-delay=-0.100000
