start=144.269125
sub-delay=0.100000
