start=83.915949
volume=75.000000
