start=726.400829
speed=1.771561
