start=7739.774000
volume=130.000000
fullscreen=yes
vid=1
sid=1
sub-pos=145
