start=74.908000
fullscreen=yes
panscan=0.100000
sub-pos=101
