start=1395.590944
speed=1.771561
pause=yes
volume=130.000000
vid=no
