start=2699.238000
volume=75.000000
fullscreen=yes
aid=1
