start=656.722733
volume=55.000000
fullscreen=yes
