start=1518.583733
volume=75.000000
fullscreen=yes
