start=85.092267
volume=75.000000
