start=2974.500000
pause=yes
fullscreen=yes
sid=1
sub-delay=-0.100000
