start=32.528097
volume=115.000000
