start=2749.830000
volume=75.000000
fullscreen=yes
aid=1
