start=2617.125000
volume=80.000000
sid=1
sub-delay=-0.100000
