start=5281.025750
speed=1.331000
