start=0.000000
pause=yes
sub-delay=-0.100000
