start=3012.792000
volume=70.000000
