start=7578.529000
volume=85.000000
aid=1
sid=3
sub-pos=138
