start=2653.792000
volume=80.000000
fullscreen=yes
sid=1
sub-delay=-0.100000
