start=2866.989000
pause=yes
volume=85.000000
fullscreen=yes
aid=2
sid=5
