start=685.720000
volume=60.000000
fullscreen=yes
