start=2650.147000
volume=75.000000
fullscreen=yes
aid=1
