start=2.958000
pause=yes
sub-delay=-0.100000
