start=8894.629000
volume=70.000000
fullscreen=yes
