start=60.000000
pause=yes
sub-delay=-0.100000
