start=2667.572000
volume=75.000000
fullscreen=yes
aid=1
